000000000000000000000000000000
000000000000000000000000000000
000000a00a00000000000000000000
000000000000000000000000000000
000a000cc000a00000000000000000
000a000cc000a00000000000000000
000a00000000a00000000000000000
0000a000000a000000000000000000
00000aaaaaa0000000000000000000
000000000000000000000000000000
000000000000000000000000000000
000000000000000000000000000000
000000000000000000000000000000
000000000000000000000000000000
000000000000000000000000000000
000000000000000000000000000000
000000000000000000000000000000
000000000000000000000000000000
000000000000000000000000000000
000000000000000000000000000000
