000000000000000000000000000000
000000000000000000000000000000
000000000000000000ccccc0000000
000000000000000000c000c0000000
000000000000000000c000c0000000
000000ccccccc00000c000c0000000
000000000000000000ccccc0000000
000000c00c0cc00000000000000000
000000000000000000000000000000
000000000000000000000000000000
000000000000000000000000000000
000000000000000000000000000000
000000000000000000000000000000
000000000000000000000000000000
000000000000000000000000000000
000000000000000000000000000000
000000000000000000000000000000
000000000000000000000000000000
000000000000000000000000000000
000000000000000000000000000000
